18	3	5	20	24	32	11
26	19	23	22	12	7	11
18	11	3	16	4	8	14
16	10	22	26	5	6	11
16	11	28	19	32	6	4
8	31	29	10	12	2	1
13	28	19	1	24	6	16
33	9	15	1	4	2	12
28	29	9	24	12	30	2
8	13	6	14	22	27	10
15	8	13	14	3	30	4
5	8	22	2	17	15	16
30	25	20	26	7	27	14
4	32	17	9	30	12	3
10	30	3	12	18	1	1
30	26	20	33	5	14	12
17	31	7	23	26	14	9
18	21	12	22	24	17	4
23	19	20	3	13	26	3
7	1	19	18	27	3	16
12	22	13	29	3	28	3
31	33	32	6	15	26	16
20	22	4	7	3	9	3
19	29	13	4	26	20	11
15	28	21	22	3	23	15
6	17	20	18	29	27	15
14	15	8	27	21	12	15
3	10	19	8	33	26	3
22	14	19	25	10	29	12
18	20	21	27	12	15	15
25	29	21	12	6	8	1
11	15	13	17	19	31	5
30	9	12	4	28	33	1
11	4	30	12	24	17	12
2	5	7	31	14	18	13
3	29	25	6	10	19	7
23	22	30	19	4	9	7
13	11	22	26	24	9	5
1	12	22	10	2	24	10
6	17	13	16	30	23	10
14	17	13	21	25	12	4
20	8	30	5	22	6	5
22	20	1	25	26	24	16
26	22	25	14	1	2	7
2	10	27	20	8	18	7
21	22	31	7	26	12	1
32	12	16	7	14	27	15
22	29	10	3	8	15	12
12	14	2	4	25	19	6
27	14	24	25	32	10	4
29	33	15	2	32	24	2
12	20	14	27	29	5	6
31	16	28	18	20	13	12
20	31	11	14	18	33	14
8	22	10	17	25	33	12
10	14	26	28	23	1	1
9	14	30	17	24	20	16
18	22	20	16	13	6	13
25	11	18	7	15	9	7
11	15	27	8	29	22	3
18	32	11	19	21	29	12
32	5	6	31	23	8	11
8	1	3	31	11	29	13
9	21	33	10	22	20	9
14	9	27	26	13	22	7
23	30	8	9	16	24	5
17	28	16	30	32	21	15
8	7	19	24	15	20	13
7	32	15	4	28	1	16
20	15	19	13	21	32	4
22	13	17	20	19	25	11
28	25	3	8	19	27	2
28	30	29	20	6	31	12
13	18	25	1	10	27	9
8	1	24	16	19	2	11
27	31	28	14	22	23	12
5	28	12	2	29	23	1
14	18	1	26	32	12	7
14	19	27	5	31	2	4
24	3	2	20	22	13	15
3	28	11	5	30	33	1
10	22	13	26	19	12	3
15	17	6	22	14	16	10
5	8	16	27	11	18	4
8	11	22	1	28	3	6
22	7	19	27	33	10	6
23	10	29	15	20	11	12
27	30	13	33	22	5	10
3	27	2	5	18	12	1
22	5	28	9	12	8	7
22	5	16	25	11	7	7
3	21	20	1	29	28	12
21	24	29	16	27	26	16
31	23	18	2	10	8	8
21	1	23	31	11	4	12
11	4	26	12	32	18	12
23	15	4	26	6	28	11
7	1	32	24	14	8	3
13	21	26	4	7	9	1
27	7	5	19	1	8	12
3	27	10	19	20	1	11
20	16	14	30	8	18	12
16	5	22	7	23	17	4
33	16	9	1	32	8	13
2	24	12	27	22	19	15
7	18	21	25	16	14	8
31	32	3	4	1	23	13
10	9	26	19	16	20	12
23	21	9	18	26	25	1
30	32	8	6	13	26	14
7	14	12	23	9	21	6
22	16	29	28	24	8	5
19	21	3	11	17	2	8
7	14	22	11	6	10	9
26	9	13	27	33	6	1
14	27	20	12	9	26	4
31	23	24	16	17	6	7
30	28	31	4	15	21	4
16	6	17	4	13	1	10
31	1	25	21	13	3	8
27	26	9	19	21	15	1
17	22	7	5	19	31	11
12	33	22	10	25	14	15
28	14	29	19	12	27	1
2	12	29	31	20	24	9
20	15	9	28	19	16	11
6	5	18	16	8	22	12
25	8	2	28	27	29	5
29	28	15	20	22	18	15
18	7	6	32	16	29	5
14	9	2	28	30	8	7
31	28	13	22	20	26	13
30	14	25	17	27	28	2
15	9	32	14	20	26	11
22	7	26	29	3	20	2
27	6	13	8	10	1	16
1	9	27	10	19	23	9
6	19	32	13	21	11	4
21	29	4	26	25	7	8
2	27	26	1	22	17	4
1	31	5	20	3	21	5
28	29	8	18	20	31	8
29	7	19	21	13	1	15
23	17	18	30	13	1	15
27	15	6	21	26	18	10
5	24	25	31	2	8	14
17	8	11	28	5	24	16
29	26	8	14	10	19	12
14	27	23	12	11	17	1
7	9	16	32	22	1	12
18	26	14	15	9	21	16
18	26	6	32	22	33	4
18	1	27	31	32	3	13
25	6	16	2	32	9	14
10	18	2	20	9	19	15
25	24	32	20	9	26	4
1	8	18	20	16	7	14
19	10	18	1	28	15	2
22	1	10	26	7	2	7
32	7	17	3	33	22	10
25	4	16	26	11	2	12
32	4	24	26	10	28	9
17	12	16	3	9	31	4
23	17	7	20	12	14	5
27	22	16	13	17	25	10
20	24	26	27	2	3	9
31	23	5	10	14	7	1
30	31	22	1	13	5	7
14	4	3	16	13	2	2
26	11	24	27	12	15	15
23	10	21	9	19	32	8
25	11	9	17	4	21	6
27	30	16	18	32	13	16
26	30	13	29	1	15	12
33	11	5	6	12	14	14
31	5	28	7	18	12	3
33	4	17	6	16	26	3
9	1	8	24	22	33	3
27	13	18	12	20	17	13
31	6	32	21	29	3	5
16	29	18	14	32	11	16
22	26	1	5	7	32	11
8	11	14	15	26	16	7
14	15	7	28	21	19	7
4	28	26	27	7	10	14
7	29	26	16	9	5	7
33	17	13	2	22	21	13
11	32	15	27	12	10	14
9	23	11	24	18	16	10
9	8	13	29	10	30	1
10	16	7	4	23	25	10
14	27	28	17	16	15	8
4	7	1	23	19	22	4
26	19	6	11	2	25	4
12	28	9	6	14	29	9
20	18	13	27	33	25	12
10	6	17	15	2	31	13
7	33	25	24	1	20	4
19	16	30	27	2	12	11
26	9	8	25	29	24	1
31	23	29	5	22	3	6
14	4	15	18	17	20	15
2	8	3	21	1	31	9
14	25	21	17	7	4	14
16	22	7	10	4	20	3
17	1	9	33	7	20	8
33	1	10	11	29	31	13
7	18	32	17	16	10	15
16	15	14	2	23	24	10
31	15	23	10	24	20	15
15	28	25	16	32	7	5
9	1	7	23	16	20	6
15	8	21	20	13	25	12
8	27	21	11	5	4	8
3	22	24	32	8	14	9
15	19	10	33	9	7	1
5	2	12	1	15	16	13
6	26	7	31	22	32	10
32	1	29	6	20	13	1
12	23	29	26	13	10	11
6	3	5	10	9	27	14
25	20	18	3	26	12	16
25	6	28	22	21	23	13
21	9	16	8	11	24	10
10	14	17	11	6	33	6
15	14	25	29	20	1	11
4	29	6	31	13	33	13
6	11	29	3	25	9	9
32	19	31	3	27	16	10
33	4	2	13	11	25	1
23	28	22	5	16	26	2
14	13	31	16	23	30	13
6	5	14	15	33	18	8
28	21	22	5	32	17	14
1	10	30	24	33	2	10
20	28	8	9	32	5	2
18	24	5	7	17	8	14
23	21	27	2	10	12	12
17	6	27	11	22	16	1
11	15	31	10	32	26	6
33	2	24	17	31	20	4
11	33	1	28	6	17	5
20	6	29	16	11	9	11
13	22	1	28	30	2	9
1	12	7	28	16	23	4
26	6	20	17	13	29	9
26	7	30	15	5	18	3
25	5	29	10	17	28	4
10	15	14	9	29	19	16
32	10	11	1	9	13	3
2	7	23	33	32	30	10
31	32	33	14	28	12	7
1	15	30	21	16	24	3
8	28	22	20	17	2	2
1	30	8	13	11	19	6
5	19	11	28	2	15	2
8	20	23	9	28	3	2
22	27	17	11	25	14	16
21	18	9	17	14	25	15
27	19	17	14	32	16	4
2	6	28	19	12	27	13
8	10	33	18	9	3	4
31	24	21	14	16	28	13
18	16	23	32	24	20	7
9	1	16	10	14	6	11
5	32	13	10	11	1	14
17	31	29	20	13	2	7
27	13	24	25	7	32	15
17	12	22	24	14	19	8
22	5	8	6	14	31	8
23	1	29	10	20	18	1
10	20	8	2	29	9	5
3	22	19	13	18	26	7
5	1	29	27	12	19	14
19	24	9	5	11	32	13
27	14	4	30	17	6	9
16	3	14	6	29	11	15
18	6	23	33	32	22	6
14	2	12	10	4	30	8
2	29	19	1	11	23	8
13	25	1	6	10	9	8
23	33	5	21	6	19	12
20	4	26	29	2	25	11
29	8	22	27	24	14	10
25	5	30	14	17	16	7
2	28	22	7	27	16	2
6	2	3	9	17	5	7
15	22	9	12	8	19	10
33	10	12	18	17	6	11
22	29	11	27	9	3	6
30	6	3	31	1	13	12
12	20	33	30	16	1	2
1	13	19	32	7	3	16
22	4	12	2	17	25	14
7	9	28	19	1	29	7
19	12	5	30	17	25	11
13	22	27	12	4	29	16
17	6	23	1	7	18	6
5	2	18	21	17	15	16
22	4	8	5	10	3	6
32	2	29	9	16	15	14
22	17	8	31	21	3	16
9	15	24	25	6	26	9
14	28	2	17	31	27	8
3	25	18	14	5	33	6
12	5	25	13	8	23	13
3	14	25	12	13	2	11
31	12	4	2	18	23	8
28	20	1	11	18	29	1
19	30	21	9	2	14	4
1	11	5	29	4	30	14
22	31	17	19	14	26	2
28	30	13	15	33	9	8
21	19	24	10	23	16	13
26	32	17	3	25	23	13
32	7	23	16	17	6	6
24	25	16	9	17	6	16
11	19	8	10	12	29	15
2	22	18	10	11	17	10
4	2	9	22	11	19	15
27	4	28	9	33	21	12
2	14	5	9	33	24	9
33	28	25	15	12	20	14
21	18	7	22	11	16	2
4	12	3	11	6	15	8
15	31	11	3	19	20	7
23	7	24	22	33	4	16
24	14	25	30	6	13	7
8	11	7	9	1	22	3
17	7	33	32	8	9	6
1	8	4	25	3	31	6
33	13	32	28	5	23	12
33	14	29	22	1	2	7
27	10	21	16	17	4	14
30	12	19	24	18	23	10
7	21	16	29	2	14	14
16	21	27	30	32	6	5
31	8	30	14	16	10	1
23	6	11	5	2	1	14
16	30	1	5	14	10	16
8	10	16	23	20	30	9
9	21	17	13	7	22	10
6	21	26	7	10	4	16
29	10	22	17	15	8	12
9	25	14	23	24	17	15
20	15	19	10	2	21	7
13	33	30	21	17	18	15
26	6	25	4	14	7	10
7	2	24	21	3	13	8
11	19	30	32	33	2	9
4	22	25	19	29	9	15
15	21	13	5	17	9	13
21	24	19	1	11	8	8
14	13	21	32	9	10	2
33	31	5	7	20	8	11
19	20	9	25	8	32	16
30	21	16	14	5	29	12
28	12	14	18	8	10	14
7	27	17	3	4	21	14
33	18	15	32	27	23	4
25	1	19	24	4	22	15
10	33	30	6	28	11	12
32	4	31	33	23	21	4
9	27	29	20	3	15	1
19	11	7	29	24	14	5
18	28	11	8	33	13	10
6	4	16	18	29	14	5
9	33	3	19	10	28	9
15	26	1	25	29	16	10
25	18	32	9	26	30	11
6	22	11	12	14	17	1
19	30	17	2	15	16	8
30	20	25	32	33	8	1
13	10	24	16	23	6	15
27	19	31	5	12	7	2
27	18	32	21	22	12	11
12	20	29	14	22	11	14
5	4	31	3	25	30	4
22	12	13	21	5	1	10
11	27	7	21	13	8	8
27	28	24	16	15	4	3
27	17	4	19	24	23	10
26	16	18	6	4	14	6
24	31	9	23	29	25	12
25	17	18	1	19	29	10
22	12	4	7	25	19	1
22	27	20	23	25	21	12
19	12	17	26	6	4	9
3	1	16	33	15	31	8
27	31	14	5	10	6	14
25	31	17	13	7	19	8
22	13	3	20	2	33	14
19	31	4	33	10	27	16
28	25	4	8	18	6	16
9	15	30	3	25	23	7
25	2	11	17	1	6	2
27	7	10	26	15	13	11
7	6	5	25	27	4	7
6	23	18	13	5	31	11
20	26	22	15	32	5	9
33	32	2	17	3	22	16
33	27	24	12	9	13	16
21	33	12	32	26	15	7
3	18	27	17	16	12	8
21	17	4	6	33	23	7
33	24	7	4	17	11	9
31	13	12	22	1	6	7
6	2	33	3	1	8	13
21	18	17	29	32	15	13
24	9	23	29	32	27	8
31	32	21	28	16	22	5
17	11	28	31	7	9	11
11	32	9	23	30	31	6
11	27	1	31	32	23	9
17	2	28	4	15	1	11
4	20	9	18	2	13	7
16	5	8	2	6	4	3
5	23	32	9	27	7	1
20	16	8	4	14	11	11
20	26	31	21	5	11	3
19	20	26	7	15	18	14
17	23	22	14	25	5	7
28	22	1	30	2	29	15
29	28	19	15	1	6	10
14	2	22	18	4	20	7
31	26	8	2	29	1	14
26	11	7	21	31	15	6
31	14	24	28	4	25	10
11	24	2	23	5	29	8
4	8	19	25	21	12	13
15	9	21	22	24	20	14
24	28	23	2	13	19	5
2	11	26	4	16	13	11
2	12	16	8	14	32	16
21	7	5	9	20	11	3
12	19	14	6	23	5	9
22	14	20	4	13	30	6
1	10	31	13	4	21	13
23	28	11	32	10	12	16
26	7	22	19	13	17	13
5	26	17	27	18	3	15
9	14	26	24	29	23	3
23	24	29	30	14	26	3
4	9	6	33	25	30	14
6	8	32	14	3	19	3
13	20	28	17	9	2	11
8	33	14	19	11	2	9
21	12	26	28	5	23	9
2	28	10	30	9	3	6
30	16	18	17	7	33	6
13	20	25	2	27	7	6
9	1	4	30	15	22	6
17	16	20	1	3	32	7
23	7	30	19	18	29	2
13	25	22	9	32	1	12
31	20	15	23	10	18	12
22	19	6	1	7	27	2
6	5	18	13	12	7	12
7	5	20	13	19	10	15
27	29	3	10	24	18	9
24	8	11	21	17	23	5
13	19	26	16	28	23	5
12	29	26	3	25	28	16
32	19	27	18	22	8	6
8	14	4	3	28	21	14
30	22	3	33	13	12	14
14	22	24	6	21	7	13
29	8	15	28	19	12	2
22	7	3	13	25	18	3
16	32	14	10	21	13	14
32	28	30	10	17	13	4
1	27	17	30	11	8	12
19	3	24	26	16	20	6
7	6	14	31	8	23	12
28	26	11	3	18	5	6
17	25	6	15	14	3	16
15	8	33	13	1	12	3
23	17	10	2	24	12	5
10	2	12	4	17	30	10
2	15	24	29	1	14	6
15	10	12	14	19	9	11
18	15	32	28	27	2	14
29	5	31	9	27	4	13
26	17	15	14	30	1	2
20	6	22	33	26	15	9
6	28	17	19	13	5	1
4	21	29	30	33	25	3
3	15	14	13	33	21	3
25	26	7	29	18	14	6
29	23	6	19	10	7	12
7	25	8	26	28	14	13
24	21	1	12	4	2	12
4	11	14	15	22	31	11
30	16	18	25	17	24	8
4	23	30	5	27	13	9
32	3	15	6	18	30	5
15	7	4	2	20	9	7
19	31	26	1	17	6	11
16	1	7	21	12	8	1
20	26	16	5	1	2	6
30	8	28	29	13	2	5
31	12	30	32	4	6	9
12	6	2	28	14	5	5
5	18	13	6	7	11	15
5	17	19	20	4	2	8
6	19	13	28	5	22	9
6	28	22	17	29	14	2
12	3	17	27	29	24	9
32	1	9	17	33	11	12
4	16	23	1	13	9	2
17	32	3	25	8	21	15
32	2	15	26	9	22	1
22	13	30	9	10	17	13
1	25	32	13	31	14	12
10	27	6	16	20	32	8
22	28	23	26	33	27	9
16	30	1	22	28	18	12
6	15	25	8	24	14	6
5	16	12	32	28	7	4
21	11	4	5	28	27	10
28	10	29	12	18	22	7
25	24	32	14	26	5	1
17	23	24	9	26	11	7
26	25	32	1	13	5	13
3	21	6	11	31	17	7
24	15	23	32	2	12	9
7	5	32	1	29	13	13
5	28	26	27	20	33	3
3	10	13	30	12	27	4
8	25	7	30	18	32	6
31	22	5	29	18	28	6
20	8	5	3	27	19	9
31	30	33	14	27	18	15
8	24	21	31	28	19	15
7	16	21	17	1	19	14
1	13	17	2	4	6	7
7	21	28	17	2	8	11
2	8	11	17	7	5	16
5	7	13	6	23	2	15
20	1	29	21	8	11	2
16	25	7	12	17	21	10
6	19	32	28	26	18	12
20	15	22	31	1	3	3
21	1	7	9	17	29	1
30	12	5	9	31	29	5
26	9	11	21	32	1	8
12	24	5	23	15	3	7
12	13	26	29	8	33	1
7	33	21	27	6	25	11
10	8	25	16	28	33	9
19	29	12	22	28	13	11
1	20	7	24	8	23	11
1	4	20	24	28	29	16
12	20	27	25	26	28	13
6	12	5	15	7	28	11
24	15	18	20	28	13	9
31	29	32	21	3	26	3
3	32	24	20	26	8	14
29	6	11	26	27	1	15
6	9	18	3	32	13	6
15	31	20	21	27	8	6
10	31	9	20	22	2	13
7	3	13	10	32	22	9
29	12	31	2	26	24	3
13	12	19	1	9	28	13
31	15	11	25	24	12	9
32	13	22	20	14	23	16
17	6	13	15	14	30	4
28	19	9	5	4	10	3
9	4	14	11	33	32	2
13	25	30	27	29	28	15
33	12	9	17	18	20	2
33	15	5	7	25	18	10
21	8	27	16	15	12	16
12	31	19	26	29	2	9
14	13	8	22	19	5	6
7	29	11	16	33	4	7
24	29	17	27	28	30	2
14	9	33	23	16	6	15
19	24	33	21	3	5	13
17	18	32	28	6	13	3
7	5	21	19	8	1	16
20	30	25	2	29	13	11
25	3	13	14	10	7	11
23	3	24	27	5	31	15
13	14	11	10	3	22	9
9	8	23	15	13	22	8
24	17	30	5	33	31	5
2	28	26	20	29	10	14
4	33	15	14	26	9	4
22	11	4	29	18	2	6
29	5	25	2	24	10	6
9	15	14	4	16	27	3
33	24	6	12	30	7	12
15	24	8	22	28	33	12
26	28	2	18	13	4	12
29	22	11	18	30	27	15
6	23	4	32	29	22	11
32	16	28	19	18	15	8
27	17	7	9	10	4	5
2	3	13	30	7	9	6
21	19	23	22	3	4	8
4	2	31	32	24	3	11
20	11	18	10	29	8	6
32	22	17	5	26	33	10
4	26	30	10	21	5	16
1	26	29	2	9	33	12
19	8	27	10	18	31	14
23	10	16	24	11	5	11
24	17	10	2	19	27	12
2	31	17	16	20	13	7
3	18	11	8	14	12	14
17	16	29	7	10	13	1
21	13	26	4	22	31	1
20	26	25	3	6	15	4
21	31	27	3	5	19	4
4	14	26	31	17	7	10
6	24	28	4	13	20	1
14	20	18	30	33	6	14
33	25	4	22	27	15	4
3	5	20	6	24	2	4
2	14	17	12	30	31	9
15	7	13	17	24	19	11
20	19	4	12	13	32	2
30	5	1	14	24	22	10
6	33	11	7	32	16	11
20	33	19	4	12	23	6
21	20	27	8	30	11	9
9	6	25	10	14	22	3
2	11	33	26	9	21	3
5	6	19	24	28	11	16
20	24	8	32	11	15	2
22	9	31	8	25	3	10
2	22	1	29	13	5	8
15	19	11	9	33	10	16
24	19	14	5	28	33	9
2	19	26	11	18	13	9
24	12	11	21	26	9	5
2	23	33	3	8	32	16
27	16	3	17	15	2	4
2	24	10	22	17	1	4
22	4	24	31	27	16	3
18	21	31	10	9	17	8
7	25	26	15	4	28	3
30	15	10	28	21	20	11
25	30	22	31	16	4	12
3	25	15	9	24	7	16
25	3	9	27	8	17	6
25	28	4	12	19	21	13
9	15	23	33	5	24	2
26	8	12	27	24	4	4
1	18	30	22	15	16	3
12	3	23	29	18	8	11
30	22	7	20	18	14	16
22	26	5	32	6	3	15
28	25	19	9	6	14	10
22	17	12	25	2	5	8
3	1	21	10	23	6	15
1	5	28	30	2	16	12
24	6	30	8	32	29	13
15	17	27	18	23	20	1
14	15	20	26	16	4	5
13	3	25	19	1	26	10
27	24	16	4	33	26	11
29	20	1	12	23	24	8
19	32	28	17	10	27	4
22	25	2	29	32	33	8
7	31	27	33	18	9	6
1	11	23	10	5	21	16
24	8	6	31	3	29	9
32	3	7	2	10	9	13
4	5	15	1	9	17	6
10	25	5	9	8	20	13
12	4	26	11	21	10	13
31	7	11	16	33	19	10
8	10	27	22	12	15	13
5	31	6	23	4	7	16
26	23	22	25	5	14	14
8	18	30	4	12	17	10
23	33	26	11	28	32	10
4	2	14	15	30	26	4
1	2	16	10	9	24	3
8	7	14	12	15	30	16
31	16	29	15	12	26	2
2	29	19	6	4	24	11
4	18	27	29	20	22	6
27	8	30	24	20	31	3
28	15	32	1	5	24	7
30	11	18	2	33	23	13
6	2	31	22	20	4	7
17	20	25	12	26	13	12
7	6	30	31	2	1	10
14	21	20	25	31	12	16
25	5	12	13	2	33	7
17	21	2	7	9	25	1
32	18	23	14	25	7	15
23	26	10	21	11	7	6
19	23	14	9	11	17	12
23	22	16	19	29	27	11
26	13	18	7	3	23	16
15	32	24	27	3	10	8
19	9	31	26	18	32	16
19	14	4	28	5	1	16
27	31	12	18	26	10	3
14	4	22	33	32	25	2
30	28	17	14	33	4	7
12	9	32	14	19	28	1
6	14	11	21	5	20	10
8	19	26	10	30	28	4
27	12	1	7	17	11	5
17	33	9	7	12	8	16
14	16	15	30	32	1	9
33	25	6	11	32	10	5
3	5	16	18	23	24	15
1	5	3	20	25	27	4
33	26	21	28	12	14	12
16	33	1	3	15	9	15
2	22	26	17	29	33	10
4	22	16	17	9	29	15
2	11	12	14	24	32	14
4	6	23	28	27	25	1
9	10	29	20	16	25	9
5	15	10	16	4	13	12
21	5	31	13	1	27	11
10	23	29	6	31	19	6
23	21	7	31	11	32	5
26	21	27	12	10	13	14
21	3	7	22	32	20	5
26	20	9	17	21	19	16
14	13	4	19	1	7	15
7	3	10	24	8	23	5
11	9	12	19	18	17	5
23	13	11	4	30	7	9
17	32	31	5	10	26	4
28	21	9	30	23	15	3
25	18	5	2	21	14	16
24	11	29	30	2	1	12
20	17	9	3	29	21	4
5	18	4	3	2	28	1
12	24	6	17	9	7	9
3	24	11	6	31	21	10
32	12	16	18	10	9	15
7	28	29	16	18	24	6
26	25	20	16	7	17	4
23	25	32	14	19	6	12
7	32	31	2	9	25	9
15	29	16	3	24	14	5
5	13	20	22	29	3	9
7	26	15	29	1	8	10
33	26	32	19	6	21	13
9	32	12	31	7	10	13
26	32	21	28	29	2	1
21	5	4	12	3	17	14
18	10	6	1	27	11	12
28	15	30	2	1	22	2
21	12	3	1	5	28	12
30	24	2	18	13	16	12
15	10	19	24	3	7	10
24	19	27	17	20	25	12
30	14	32	4	17	6	12
16	29	25	4	27	23	3
6	29	30	7	3	33	2
19	15	18	13	4	6	5
4	29	10	8	9	30	3
19	3	8	21	2	13	3
27	10	21	11	31	13	1
29	27	33	31	24	26	16
32	18	7	30	22	33	6
33	21	6	4	26	20	2
16	25	20	23	19	13	10
29	13	17	16	8	32	16
22	33	8	17	16	11	8
22	3	30	12	6	10	15
5	19	28	4	8	27	8
11	1	16	7	14	15	14
19	28	5	22	4	29	15
31	11	1	27	17	18	14
18	10	25	14	26	27	15
13	25	23	4	33	27	14
30	29	17	18	9	26	8
17	32	26	16	20	2	8
16	27	26	31	14	3	9
25	14	31	4	13	17	4
13	19	5	17	15	21	15
13	12	10	4	32	30	13
11	5	28	14	24	26	13
3	10	24	16	7	29	13
2	23	24	19	15	14	12
6	25	4	3	17	1	11
24	2	22	20	11	31	5
18	13	27	31	20	14	2
13	19	31	24	17	14	8
8	13	29	12	19	2	4
5	15	14	7	13	3	15
29	28	24	32	17	16	12
9	33	25	24	19	2	10
10	1	31	4	20	9	7
16	5	17	14	4	1	1
26	21	13	25	18	22	1
19	17	8	26	7	21	12
25	31	26	32	8	33	9
31	10	19	26	5	7	14
3	6	2	21	22	25	5
16	21	2	17	7	14	5
31	18	2	25	14	1	8
19	16	24	17	30	12	5
12	19	32	2	4	33	16
15	28	30	13	33	18	1
23	6	26	33	15	2	8
17	16	22	3	4	29	13
26	29	3	13	6	27	7
26	7	23	5	11	10	16
3	22	1	13	16	21	8
11	26	7	13	8	15	13
18	19	24	12	1	21	10
15	9	1	19	4	5	13
17	18	26	23	25	24	4
31	24	10	12	13	17	15
9	17	1	24	31	26	5
1	13	18	3	5	16	5
9	12	14	20	22	6	13
13	6	26	10	8	4	5
27	13	21	14	22	23	4
28	6	17	12	8	33	5
26	3	32	9	24	20	10
6	30	19	3	12	31	13
21	4	9	17	25	31	1
2	13	14	17	19	26	14
18	30	17	23	2	29	6
7	25	16	2	8	30	9
18	23	7	3	27	1	12
8	30	18	24	2	15	3
22	25	18	32	17	1	1
27	3	31	24	21	28	8
21	15	19	2	3	8	11
16	30	9	18	26	31	14
2	16	26	27	23	18	10
23	3	7	2	27	18	6
29	18	1	12	26	13	15
26	18	11	31	20	13	9
1	26	24	23	30	21	5
33	13	9	19	10	7	6
26	10	24	4	33	23	10
4	10	13	26	30	25	10
27	16	15	22	28	9	6
32	17	9	3	21	26	1
12	10	2	33	18	24	15
15	16	6	26	5	19	6
31	7	2	1	15	21	16
32	14	4	8	28	25	16
28	4	24	19	11	20	12
17	4	25	8	33	1	1
28	3	13	18	27	20	5
23	28	7	13	6	29	9
6	8	12	11	25	2	2
18	29	6	32	12	15	10
12	16	25	27	9	2	6
8	30	18	13	25	11	15
10	6	29	1	5	2	16
31	25	27	30	17	7	9
8	5	15	13	11	25	5
8	24	28	1	22	20	1
26	10	22	20	5	9	7
22	1	24	29	33	25	15
1	17	15	25	8	11	1
5	18	20	15	28	10	10
8	1	24	18	30	29	16
17	4	18	7	8	13	10
3	1	24	12	26	27	1
25	18	32	15	29	4	15
4	23	24	20	8	2	7
8	15	22	12	17	33	16
26	15	29	8	6	2	16
19	8	21	1	9	31	11
17	23	27	32	24	7	2
20	33	9	6	14	17	9
4	20	11	16	22	29	10
18	26	25	4	9	21	6
23	6	12	22	1	26	8
30	24	27	3	4	17	6
1	16	29	33	8	3	7
18	16	24	26	21	10	1
7	12	21	24	28	23	3
27	11	9	25	17	16	14
27	32	31	7	3	5	10
33	28	10	32	9	19	6
3	13	28	19	30	27	2
13	20	24	22	16	6	16
15	6	1	31	25	10	14
23	8	16	26	7	9	1
6	27	23	15	30	5	12
8	25	1	16	30	17	10
31	5	29	28	21	30	8
27	12	24	1	13	8	8
2	18	10	20	30	14	3
20	2	22	23	31	21	12
13	31	8	1	27	14	2
24	27	3	2	26	9	5
14	10	16	13	8	23	16
18	14	11	22	8	12	2
3	11	17	23	9	1	12
21	8	14	20	24	2	9
1	31	32	12	29	14	15
22	5	13	9	15	12	14
18	17	19	10	2	29	15
16	23	20	1	27	31	2
31	30	22	23	6	8	1
14	13	26	5	20	17	1
13	33	8	27	31	23	7
14	32	24	22	12	20	11
13	20	18	23	3	28	13
1	14	21	7	10	25	1
1	22	31	32	21	3	7
32	30	17	2	8	7	12
26	8	30	31	14	25	11
6	2	23	17	24	10	3
20	11	15	31	13	33	3
2	22	4	26	19	16	12
27	18	15	1	22	8	9
18	1	11	12	9	30	10
4	19	11	1	17	29	12
12	25	11	5	32	19	5
32	13	3	1	2	8	7
13	20	3	2	19	23	8
8	1	12	25	14	6	6
28	24	27	30	3	22	14
1	2	29	27	19	23	10
28	27	17	23	32	4	3
30	7	28	22	26	21	11
6	10	27	1	28	26	2
23	8	6	1	33	10	2
13	20	32	21	3	10	15
23	21	12	32	11	27	5
20	2	13	29	3	4	1
3	9	27	23	31	21	5
19	22	33	10	4	28	4
32	11	20	31	3	6	10
3	29	25	13	5	19	12
24	25	19	32	30	12	11
8	25	17	32	23	21	12
1	16	6	7	11	13	1
3	19	21	16	24	26	6
29	28	6	14	30	13	8
21	18	10	9	11	19	10
25	22	11	13	6	32	12
8	12	11	25	29	10	9
28	18	21	29	8	33	8
7	25	5	13	28	24	4
6	25	3	31	10	16	5
5	1	16	14	22	17	3
12	6	3	32	16	1	12
15	25	3	4	30	26	13
22	2	4	19	8	5	12
5	7	13	4	25	10	11
7	26	31	29	27	16	14
11	2	9	22	24	27	11
32	29	31	18	2	1	2
19	25	17	9	16	2	4
24	14	22	5	6	26	9
27	24	2	22	26	10	6
29	11	32	30	33	28	2
6	1	23	12	11	3	11
10	33	30	12	8	2	16
21	23	28	16	4	1	6
1	3	26	7	28	14	2
3	2	16	1	18	23	12
25	13	14	8	33	2	10
8	7	30	24	14	22	7
26	8	12	15	7	22	8
21	13	9	24	32	1	6
5	13	15	7	30	18	14
22	33	28	14	30	27	14
13	14	3	5	7	18	5
18	17	5	8	6	3	14
28	16	13	12	23	1	7
14	27	22	28	26	31	4
7	30	6	33	23	3	13
27	32	29	7	17	18	13
12	18	14	25	1	7	16
25	7	8	6	20	21	10
27	21	3	19	4	28	5
6	25	10	30	8	16	14
7	20	4	16	6	19	4
16	18	3	29	22	1	4
15	29	32	22	6	12	10
8	6	32	10	22	18	16
16	9	20	22	33	3	15
11	33	26	3	5	15	11
17	5	18	1	29	10	12
9	28	23	5	11	17	10
20	15	19	24	11	7	13
31	29	13	21	2	28	9
11	33	4	22	18	5	12
29	27	17	5	1	15	2
14	33	7	4	26	32	14
17	14	21	8	15	12	1
30	1	33	22	14	4	1
30	14	1	3	33	19	16
5	15	28	33	12	3	6
13	5	9	32	20	18	1
15	30	4	23	21	14	7
32	25	26	33	23	16	5
30	7	13	3	2	12	11
6	25	16	17	7	24	7
5	15	26	8	32	16	1
2	12	11	16	14	15	4
10	6	3	19	23	5	15
22	26	27	7	6	8	12
30	23	28	4	3	22	10
20	13	22	25	28	9	14
27	32	14	16	29	7	1
6	2	30	10	4	25	9
1	2	8	12	30	16	16
10	12	7	6	15	21	5
27	26	25	12	31	16	5
9	5	21	15	31	26	13
17	27	21	25	32	5	14
2	15	19	24	9	13	3
3	12	31	32	11	5	11
20	25	28	12	29	4	16
30	24	7	32	18	6	9
25	4	15	14	7	2	15
13	4	15	10	30	19	14
14	7	5	6	25	28	1
33	4	10	17	28	32	2
7	28	23	8	20	29	5
20	18	15	29	1	2	4
10	16	2	27	30	8	15
20	32	30	29	22	26	16
24	23	11	20	17	6	9
7	31	5	14	8	3	10
1	10	24	2	5	19	14
30	11	2	17	27	33	11
25	20	8	18	9	29	9
23	15	30	14	20	3	2
28	13	32	26	24	7	14
26	32	33	1	31	27	3
14	28	33	9	8	31	15
3	16	22	33	25	26	14
32	1	20	33	31	11	1
14	31	6	2	7	18	8
14	8	25	11	3	29	4
14	20	23	9	30	7	14
2	32	19	7	11	3	4
7	15	4	11	17	16	2
13	11	6	28	20	32	6
32	12	23	18	11	13	11
20	4	12	17	8	30	3
9	20	32	33	11	4	13
18	24	8	2	28	12	4
15	11	18	21	27	29	2
4	30	6	25	29	5	3
25	32	13	33	1	11	6
2	9	16	30	21	31	13
12	5	7	14	15	20	13
32	1	9	14	28	16	16
28	31	18	9	25	19	6
13	20	1	30	17	15	5
28	10	23	19	5	16	13
16	9	18	27	17	22	14
20	12	21	29	3	1	4
26	4	5	32	31	23	6
10	9	2	31	21	1	10
12	23	3	18	21	5	2
11	30	20	25	6	18	5
4	10	30	28	16	23	5
19	24	15	2	31	32	4
33	8	30	22	20	12	2
23	28	2	14	1	29	15
5	32	30	11	26	2	16
21	32	20	23	10	19	10
16	13	11	19	10	30	3
13	17	7	26	32	33	4
3	7	27	23	30	13	11
8	10	23	5	26	15	9
10	25	7	5	14	17	11
10	32	4	29	18	9	8
29	24	4	3	22	18	11
26	32	23	17	31	16	11
19	28	12	7	22	18	4
11	15	21	30	9	19	8
10	16	23	6	13	21	7
24	30	29	21	13	32	4
30	12	14	9	20	31	6
7	17	11	15	3	31	1
11	6	22	21	15	8	16
21	16	20	29	26	30	9
32	4	30	23	3	6	1
30	11	18	26	16	14	1
26	10	18	4	15	9	7
8	30	22	23	16	27	11
28	23	26	1	8	33	8
4	7	26	10	30	20	12
27	12	14	15	21	5	3
13	12	23	28	15	32	5
18	20	15	6	31	2	3
33	6	9	23	32	18	7
29	26	31	15	6	21	5
21	18	26	12	22	9	7
8	13	7	30	14	29	6
9	12	11	27	32	19	6
3	1	30	2	33	15	1
26	32	24	14	28	8	7
15	13	23	22	29	12	13
3	15	6	23	12	26	10
27	7	16	32	2	11	6
20	17	11	18	15	30	16
20	26	23	22	10	33	11
30	33	1	23	3	17	12
1	15	7	24	6	30	8
11	10	9	18	8	5	8
24	5	17	1	4	27	9
7	3	19	10	23	5	13
26	17	19	27	6	20	4
5	6	30	27	19	2	15
26	15	25	14	19	6	8
13	16	2	7	33	20	3
15	4	32	17	6	2	5
3	15	14	6	18	9	2
8	21	9	4	27	26	9
14	17	5	11	18	28	1
18	23	4	14	2	13	15
17	19	3	20	10	24	2
30	31	33	8	21	15	2
4	33	22	15	16	32	2
25	1	26	12	23	5	15
6	12	33	26	18	20	2
15	1	17	8	21	3	13
28	3	13	17	31	11	3
3	25	15	30	6	2	2
29	33	10	25	17	14	14
4	24	21	31	23	30	4
21	2	5	22	7	26	8
30	18	24	1	21	4	16
30	22	4	26	1	6	8
10	17	8	14	6	19	6
22	24	32	4	29	19	2
14	29	28	33	22	10	2
22	9	26	5	28	3	9
33	22	8	26	7	14	2
7	19	31	32	17	8	10
22	29	18	13	7	26	2
5	10	29	27	33	2	15
18	26	19	12	17	27	6
5	13	17	6	28	10	15
25	13	3	20	29	33	15
30	16	7	31	29	14	14
19	8	23	25	9	26	7
32	25	19	7	14	23	4
4	29	1	33	24	28	9
18	10	28	5	9	12	2
21	16	15	14	5	19	15
32	20	19	10	15	28	2
26	24	8	19	11	16	11
16	13	33	25	27	9	8
32	2	22	18	12	15	8
18	32	28	30	1	12	6
1	24	18	32	3	25	15
1	33	27	5	19	20	5
5	8	30	22	19	27	13
20	4	14	12	11	30	13
15	26	11	29	10	12	9
22	7	21	10	13	1	3
10	16	15	29	25	11	2
14	19	8	11	2	26	15
27	2	22	31	23	32	6
11	24	33	22	10	26	2
9	5	7	29	24	15	7
27	4	31	33	9	16	1
3	33	5	7	10	14	7
3	21	24	22	29	7	14
18	13	17	2	12	14	6
24	25	4	9	20	31	14
6	10	22	9	12	17	9
19	14	13	23	22	5	6
21	18	17	31	25	32	6
16	22	10	29	23	31	2
28	7	4	16	21	9	10
30	15	9	23	17	10	12
13	22	32	18	27	6	4
27	29	30	14	25	19	15
27	19	5	17	28	32	2
31	24	3	6	8	17	1
22	12	33	16	1	18	4
7	32	3	25	12	21	5
26	17	21	30	9	28	4
8	14	21	28	27	17	14
24	23	22	15	16	10	7
11	10	6	7	15	30	1
6	16	17	3	8	9	13
8	6	27	24	12	31	14
8	14	21	29	28	3	3
28	1	15	23	16	4	14
26	16	4	10	12	28	7
28	27	30	18	3	1	5
31	23	3	12	14	32	10
14	19	2	24	18	7	1
22	27	3	16	11	6	11
6	17	8	23	16	1	5
30	1	29	31	7	26	6
27	10	26	30	4	5	12
24	1	20	12	4	29	15
20	13	4	30	7	29	16
9	29	7	8	18	32	9
8	4	26	21	10	12	9
25	31	18	13	12	2	4
14	4	25	29	22	32	14
32	5	20	4	3	10	9
13	30	16	26	33	6	1
30	26	4	12	33	22	9
18	11	5	13	7	2	11
18	22	1	14	30	8	3
24	19	15	11	20	1	9
22	13	28	33	9	1	8
18	1	5	22	10	30	9
21	1	26	27	6	28	9
12	33	6	15	18	5	13
8	5	26	17	20	30	10
5	23	29	17	7	27	7
19	11	10	26	33	15	13
7	21	22	30	12	29	8
13	30	19	31	15	5	5
1	12	7	2	9	18	12
14	9	5	17	11	16	15
17	24	27	6	13	8	15
2	5	12	1	31	26	6
32	30	6	8	17	7	3
6	15	2	32	29	31	16
27	21	12	31	1	29	11
28	20	30	21	19	26	8
8	30	22	23	13	25	7
26	16	23	11	19	31	4
2	16	17	25	6	20	7
21	12	19	20	6	27	4
31	2	29	23	10	17	10
4	8	1	13	10	33	11
27	11	1	26	19	24	3
13	3	10	25	12	19	4
30	27	32	11	21	18	1
14	22	13	12	9	20	10
16	18	28	24	33	15	15
21	10	32	13	1	29	4
26	9	29	5	20	7	9
33	16	22	10	27	3	14
12	9	24	4	3	11	1
27	22	20	23	11	8	4
25	22	27	6	28	13	9
7	13	1	10	22	29	1
10	3	9	11	19	15	13
1	22	12	31	24	28	6
18	2	28	23	6	13	16
18	7	29	14	11	17	16
3	29	5	9	21	11	9
18	30	33	12	17	31	4
14	21	28	16	23	5	13
6	31	21	3	11	15	13
15	28	18	19	20	6	11
9	1	14	22	29	32	12
26	1	32	29	13	21	10
18	23	24	26	19	15	13
5	29	17	19	32	27	3
17	8	21	19	16	18	14
28	20	26	30	11	21	13
18	25	32	8	16	26	2
28	24	32	12	20	18	5
12	26	20	28	19	9	15
28	30	15	10	3	13	3
31	9	11	2	17	27	5
33	23	6	5	2	26	13
20	22	2	7	17	5	2
14	3	21	29	12	33	13
33	8	6	29	11	16	3
11	31	3	21	17	9	14
28	8	2	15	16	22	10
20	5	3	16	4	30	13
17	14	30	21	32	2	3
3	8	27	17	21	11	9
21	31	32	9	30	29	16
2	16	27	15	23	26	7
30	22	13	17	23	1	11
18	27	14	22	16	1	14
3	24	25	22	15	5	15
29	27	8	4	23	22	8
17	8	6	13	11	19	12
4	18	22	25	3	29	9
14	29	4	9	7	2	3
4	1	31	20	19	25	15
30	17	21	29	11	33	8
11	23	6	25	10	1	2
13	11	3	5	24	19	5
1	19	30	28	17	22	3
28	3	17	16	23	9	7
24	26	18	7	3	27	4
18	4	30	24	22	26	9
31	11	25	9	8	12	11
8	28	14	32	25	23	16
24	26	22	1	23	6	4
30	25	20	26	11	27	8
3	31	6	2	17	4	8
1	5	22	26	16	21	11
6	16	14	10	22	12	6
25	17	19	3	2	15	16
20	8	22	7	18	3	3
25	1	18	2	21	29	14
11	16	1	31	33	26	16
1	10	4	18	13	25	15
6	33	13	11	7	3	10
22	23	1	21	9	16	5
5	22	7	3	27	16	5
5	9	31	27	3	11	4
7	20	22	21	5	30	8
27	21	31	19	10	9	5
28	13	9	24	16	6	11
31	26	10	19	9	23	9
5	33	3	27	18	20	1
19	3	32	7	13	16	16
28	1	23	13	15	32	2
7	4	32	24	26	19	9
21	3	28	22	10	27	6
12	7	18	11	6	25	1
31	8	25	3	11	13	12
32	18	4	25	16	10	15
32	7	26	10	9	3	1
11	5	7	27	17	3	13
16	20	1	26	10	5	2
27	12	15	5	33	24	5
18	23	31	25	26	4	10
16	7	32	14	25	11	11
17	9	12	13	2	10	11
7	4	15	28	2	24	3
1	7	14	13	4	8	4
33	12	7	20	13	3	2
28	9	8	2	24	18	10
12	18	21	24	25	29	8
17	7	10	29	23	2	14
20	8	12	14	32	2	4
25	7	27	32	30	9	1
18	8	33	6	4	20	11
18	16	15	22	30	21	14
18	27	29	30	32	8	6
31	3	33	4	27	14	5
3	2	19	11	5	20	12
4	13	26	18	30	8	11
32	22	10	9	20	30	8
8	6	32	18	1	29	7
19	3	24	18	5	32	2
13	5	10	19	29	15	2
24	14	23	18	22	33	9
30	11	32	17	31	2	7
30	31	27	5	13	11	2
19	28	8	7	3	15	3
28	2	33	4	10	29	6
21	3	5	4	8	1	9
8	5	29	27	22	14	16
30	2	29	19	17	12	12
14	20	12	6	27	10	10
14	21	11	18	26	20	5
32	17	5	15	25	18	15
24	33	19	15	9	14	13
18	8	29	16	1	19	4
20	25	3	14	21	4	14
7	23	4	6	25	32	1
14	28	6	8	21	29	2
6	16	15	12	20	31	2
17	22	32	13	16	30	3
28	13	27	25	15	8	3
11	28	5	31	9	19	2
4	13	14	33	2	8	16
1	14	21	31	6	30	9
18	30	15	6	17	8	12
32	12	4	3	14	11	12
23	18	19	11	28	22	1
11	13	23	6	21	17	11
32	33	11	24	16	5	8
21	19	31	25	7	4	7
21	9	2	23	6	16	16
15	28	24	17	10	26	12
30	8	17	20	33	29	9
7	11	20	6	23	1	5
29	8	19	1	2	16	5
4	1	3	6	29	7	14
25	8	10	7	13	27	7
19	11	18	20	21	5	9
32	21	31	14	17	29	12
28	29	22	2	6	11	2
28	16	18	23	3	1	5
13	17	18	16	27	10	11
3	2	8	7	26	29	7
14	33	3	27	26	16	13
25	13	18	5	1	8	2
4	33	19	31	14	18	2
2	12	11	17	28	15	12
4	23	16	2	18	30	6
6	19	26	9	7	2	14
28	12	30	21	18	1	10
9	24	21	20	13	32	8
3	30	10	14	11	8	5
19	3	32	16	13	33	8
3	9	31	26	1	11	12
19	30	14	13	24	15	10
27	24	7	6	29	19	1
11	30	21	3	14	19	5
23	10	11	31	16	33	16
3	21	23	14	30	31	10
31	1	29	12	8	4	6
14	2	9	12	25	23	16
18	4	3	17	11	28	9
8	16	32	24	4	30	16
4	19	12	6	31	10	1
30	16	27	22	3	21	4
19	6	8	21	11	9	10
3	20	13	30	8	29	11
24	22	3	9	27	2	11
16	4	29	14	26	1	10
18	26	3	22	16	23	3
27	25	9	17	32	8	6
13	33	3	7	17	32	2
7	10	27	2	18	4	10
11	25	3	6	31	9	13
20	5	31	10	28	16	14
23	11	31	4	29	16	14
26	21	20	1	12	18	11
25	9	24	10	5	32	14
18	1	22	20	26	33	5
4	30	3	22	18	8	15
24	13	16	1	20	26	9
5	32	27	15	29	18	5
5	3	28	21	26	7	4
3	33	25	28	15	10	16
32	30	17	8	14	3	5
15	4	27	2	25	14	15
4	25	18	5	19	1	10
32	15	4	17	22	12	14
27	14	6	22	26	10	11
6	24	16	1	5	30	12
25	3	33	7	10	13	10
5	22	9	27	11	12	15
22	20	6	14	21	5	1
26	2	20	10	9	4	14
7	18	14	30	20	33	13
30	33	1	20	11	7	10
1	20	25	31	14	27	15
4	22	3	6	16	1	8
27	25	9	18	8	12	12
5	2	15	32	11	3	15
8	12	13	23	29	4	1
1	17	31	15	27	4	1
28	23	30	9	3	13	5
2	7	23	31	26	28	7
22	4	29	13	10	16	6
29	1	15	31	32	20	8
27	10	26	22	16	19	16
25	31	22	18	16	23	11
23	8	18	1	19	11	5
7	8	14	23	21	25	5
4	11	9	26	17	18	8
14	31	27	10	17	21	9
15	24	22	21	11	17	5
23	19	4	22	21	31	4
13	30	28	26	18	10	12
29	4	20	31	25	6	3
26	33	14	6	30	22	1
4	9	26	33	3	22	1
12	32	30	22	1	21	2
29	18	22	14	27	9	12
30	21	33	15	31	4	5
11	3	17	19	4	30	1
2	16	24	33	8	13	9
19	33	32	30	23	15	6
31	18	13	32	14	12	13
20	2	25	3	28	32	6
24	6	5	22	8	4	3
4	3	6	33	31	27	6
8	15	6	24	33	14	9
1	20	30	27	2	14	2
1	7	8	3	30	10	5
20	22	23	26	14	6	9
33	21	32	22	5	16	9
1	29	26	20	28	10	15
29	27	8	20	14	10	16
14	18	28	5	33	17	2
13	33	31	15	4	9	11
11	8	22	1	17	16	15
14	33	18	12	9	27	13
5	18	17	1	26	23	13
8	6	30	24	2	20	9
30	13	8	1	17	6	7
2	28	12	19	14	33	10
15	14	31	5	12	20	1
7	3	22	28	31	27	11
28	12	31	25	14	15	6
19	20	24	13	1	4	11
12	9	27	26	28	20	16
32	30	26	18	1	11	3
12	24	27	18	9	23	5
10	6	7	11	18	23	16
11	20	14	15	26	27	12
33	9	18	13	5	1	14
29	17	3	20	21	1	16
17	18	33	16	24	15	13
16	19	12	23	18	2	5
8	2	20	21	16	11	14
8	12	22	7	24	21	7
20	2	11	15	23	29	11
1	16	22	13	18	19	1
25	3	11	24	20	26	1
9	12	8	4	30	5	5
6	10	4	31	26	24	6
18	6	21	24	25	2	8
12	17	21	25	28	1	12
18	29	9	19	26	7	10
15	3	13	28	29	23	9
14	18	21	16	22	32	4
26	22	15	29	17	20	9
11	6	20	17	13	32	8
5	22	17	33	31	3	12
19	13	9	12	8	33	9
32	29	17	21	4	10	14
22	23	21	25	10	33	11
19	3	33	1	25	15	4
16	13	18	29	5	27	12
20	21	3	2	5	24	8
29	31	19	11	5	12	1
13	20	3	11	2	27	2
20	16	29	30	22	5	8
10	30	14	33	3	7	10
8	7	16	11	24	17	13
18	33	11	6	30	8	5
8	30	29	17	28	4	13
28	3	12	24	21	14	11
23	24	15	21	4	5	8
30	18	24	26	22	23	1
19	25	5	30	13	17	11
30	19	15	32	5	23	14
17	27	29	10	5	15	11
12	24	22	1	25	23	14
18	3	17	4	21	31	8
13	25	21	11	23	15	8
4	31	28	5	29	33	11
3	10	7	5	28	30	4
28	31	17	1	27	11	2
27	32	26	24	30	11	3
30	27	2	7	17	6	16
15	31	25	12	6	2	7
10	12	20	6	17	13	3
19	29	32	25	9	13	12
17	32	2	20	28	22	3
32	18	29	31	13	23	8
21	7	6	20	10	14	4
10	21	2	18	30	31	5
32	16	12	13	5	23	3
26	3	28	16	31	23	11
28	18	16	21	10	3	4
25	15	26	28	33	22	3
19	31	32	16	28	22	3
19	2	17	30	22	14	10
32	25	12	2	24	23	14
10	7	4	17	16	21	9
3	29	9	13	21	27	13
33	16	10	2	17	15	13
15	23	27	31	22	20	6
24	20	26	18	5	31	9
16	32	3	10	31	12	14
32	20	15	8	13	17	14
4	14	3	7	19	9	8
14	7	27	16	17	5	4
27	6	8	11	16	14	15
2	1	32	29	22	18	3
24	3	17	4	19	32	5
2	11	27	9	7	21	6
13	14	4	19	23	28	8
4	3	16	13	27	2	13
21	22	1	2	20	5	9
26	21	23	5	29	9	6
22	13	32	6	26	4	7
17	26	24	14	1	13	5
31	8	33	4	32	3	2
1	7	17	23	30	13	16
29	9	32	2	3	15	3
32	33	14	29	6	26	7
16	5	1	21	6	12	11
31	9	11	33	13	27	10
31	8	5	27	7	14	11
4	29	6	19	12	27	8
26	8	5	20	30	6	6
18	28	5	3	32	9	16
32	27	33	16	18	4	7
32	22	8	26	21	23	14
19	24	20	27	3	26	11
4	8	17	27	31	28	7
16	4	5	2	6	20	12
13	28	7	21	26	16	9
28	12	15	21	19	1	3
7	4	5	21	26	29	1
12	27	14	5	21	1	3
19	4	13	12	30	11	5
14	20	18	10	3	7	2
16	11	25	23	21	32	7
3	29	15	23	24	17	13
7	28	6	15	30	27	10
7	24	11	28	19	20	2
20	28	7	3	17	8	15
15	19	14	1	27	8	9
10	17	32	3	15	20	8
7	17	10	29	22	12	5
3	16	19	5	12	8	15
4	8	12	17	7	6	7
2	33	7	23	20	32	10
3	20	5	22	11	6	13
9	23	33	25	15	3	12
27	16	5	25	14	18	13
13	1	15	5	25	21	11
4	13	26	14	30	18	1
18	14	7	1	25	16	11
18	10	4	29	27	2	15
2	12	7	10	11	24	3
25	20	15	9	3	5	16
14	20	10	27	5	33	3
14	23	29	2	4	33	15
4	25	11	23	6	14	12
13	26	19	8	25	2	9
6	31	14	18	32	28	3
5	31	6	19	33	10	11
13	18	12	25	11	17	7
32	14	1	30	4	7	9
32	31	7	25	1	20	12
18	6	1	13	32	30	14
1	20	11	18	22	7	2
15	4	9	26	12	31	16
28	22	27	6	17	32	3
15	30	14	6	8	4	10
33	18	3	12	23	30	2
15	21	10	27	7	6	6
26	18	27	22	20	15	3
30	29	4	28	12	22	16
7	29	3	19	16	15	9
25	16	19	24	7	10	9
31	3	17	15	5	13	4
12	30	29	10	3	24	6
9	25	26	24	10	20	11
13	31	1	11	24	26	13
23	15	32	4	33	30	3
4	2	23	21	30	33	9
4	18	30	16	23	7	7
14	6	5	24	2	31	12
22	9	19	21	16	24	12
4	2	31	9	14	16	3
16	13	31	10	24	22	9
33	15	12	31	22	19	1
28	10	5	27	30	23	15
26	17	4	33	5	18	4
12	28	9	29	18	21	5
33	27	3	5	9	23	3
23	6	29	25	17	4	14
8	31	19	28	26	13	10
27	12	26	15	11	1	13
9	21	25	29	1	32	3
5	26	19	31	23	20	12
24	18	3	20	7	1	7
23	15	16	8	9	26	8
24	11	7	12	27	29	12
22	14	8	13	9	20	12
1	7	15	2	20	19	3
5	16	9	3	14	30	13
7	1	19	20	11	14	12
10	2	30	26	12	4	3
14	12	32	26	27	1	16
24	28	25	3	9	20	5
15	20	32	26	3	11	11
22	17	33	24	8	32	16
4	22	28	11	25	9	13
16	18	11	13	31	14	14
29	26	6	18	9	20	9
1	9	6	8	18	20	1
20	6	24	33	10	19	11
8	16	14	12	4	22	10
4	8	26	14	16	3	4
33	7	31	24	9	21	12
33	1	25	8	13	10	13
16	26	21	3	20	12	16
2	4	10	25	28	11	5
12	16	21	17	23	22	16
18	32	30	10	27	23	8
18	30	2	13	22	11	4
2	11	23	12	7	20	7
9	24	23	14	21	5	1
33	25	9	21	12	31	13
24	7	11	18	14	29	7
6	21	26	10	25	4	10
6	5	15	10	30	31	13
19	31	27	17	12	29	9
30	5	32	22	20	33	9
29	17	13	5	18	21	14
4	7	14	29	27	10	9
1	14	17	32	2	30	1
21	14	20	3	19	6	2
2	26	32	9	20	12	13
2	3	8	27	10	25	12
16	10	6	28	7	8	2
7	5	2	3	8	27	15
16	9	22	18	24	20	5
18	7	15	10	1	20	10
18	22	6	17	16	1	9
4	5	8	7	32	6	5
30	16	27	26	11	21	15
16	23	11	29	24	2	3
30	21	24	32	12	1	13
16	21	2	19	29	18	9
28	11	27	20	7	4	16
32	7	14	24	22	12	16
26	19	31	21	12	20	15
21	28	29	30	16	12	14
28	17	5	25	32	18	9
8	7	20	12	14	19	7
19	20	15	25	5	29	3
16	20	32	10	4	23	7
9	22	28	14	5	1	5
2	14	21	22	30	27	14
9	26	25	32	22	4	10
3	1	32	6	21	4	15
6	26	14	25	12	20	7
32	7	13	10	11	1	7
9	27	14	5	31	32	13
19	20	21	10	25	15	12
10	32	8	33	12	21	4
31	24	26	30	6	2	16
20	25	19	29	14	16	5
12	6	11	19	13	22	8
23	25	22	1	6	3	6
25	10	31	27	2	6	3
12	1	30	6	16	5	15
4	9	8	16	29	17	15
32	21	19	30	13	23	5
20	7	24	19	8	16	6
6	2	22	16	31	3	5
9	13	15	30	11	22	15
18	8	11	26	25	10	1
31	2	29	22	17	27	14
33	32	11	22	27	19	11
33	7	20	17	15	23	15
31	5	2	21	4	15	16
28	9	20	26	33	5	15
8	9	1	22	23	4	3
22	12	19	31	15	9	16
9	26	28	33	20	6	14
8	27	28	23	1	7	14
31	14	11	22	3	24	15
32	30	18	7	13	16	10
7	27	8	21	32	18	10
20	25	6	18	9	33	6
12	7	30	3	4	31	15
25	3	14	24	7	1	7
14	33	3	1	5	8	3
20	33	16	30	2	31	1
9	6	22	1	17	21	1
8	32	10	25	31	23	7
21	15	9	13	33	26	6
31	26	18	20	16	11	2
19	14	20	21	31	22	11
17	8	10	6	31	30	14
27	14	28	31	8	13	12
20	18	1	8	13	12	7
26	23	15	29	28	10	12
9	21	7	23	10	30	12
17	18	11	29	24	7	5
5	2	9	21	16	3	2
32	12	9	28	3	15	1
26	2	25	9	14	19	15
8	14	33	6	9	24	15
10	22	5	33	26	21	2
13	12	26	25	3	31	3
26	31	10	29	20	19	14
16	30	4	12	1	20	15
22	19	28	32	30	27	1
9	5	10	24	25	13	8
11	33	32	14	27	20	5
28	8	1	31	13	4	2
33	13	14	30	21	9	1
1	24	20	32	18	33	12
14	25	17	28	30	20	14
19	10	22	2	24	32	14
26	8	25	3	1	7	14
19	10	27	25	13	18	1
29	11	8	32	3	30	1
21	8	4	25	1	11	14
16	33	28	14	30	27	6
24	20	29	3	30	27	15
3	24	5	32	21	27	6
20	26	24	3	23	8	16
13	30	7	14	19	17	3
4	24	21	26	10	5	5
8	10	9	26	14	16	7
17	13	3	25	5	31	7
27	7	21	18	26	28	7
19	26	6	15	5	29	13
16	7	23	28	2	13	16
33	30	15	28	8	18	14
21	3	8	16	17	29	6
21	33	30	10	22	12	6
2	20	29	22	11	15	5
31	11	24	2	13	8	15
6	1	13	32	16	7	4
23	24	25	13	5	20	3
13	14	32	29	33	27	8
18	14	15	31	20	27	4
16	7	28	13	10	27	7
1	27	25	28	29	12	13
16	23	19	13	33	20	9
27	24	28	11	3	5	15
11	23	4	26	7	19	10
12	27	1	8	31	11	12
25	23	28	5	32	21	4
20	1	30	29	25	21	2
32	25	8	19	6	29	7
9	28	11	16	14	27	11
25	4	2	9	24	3	2
15	29	17	1	14	12	9
29	10	15	9	2	3	11
19	25	6	7	21	29	2
14	11	25	12	29	16	9
29	11	8	17	9	16	9
8	27	31	11	1	7	6
15	16	23	7	32	22	14
26	1	18	27	12	28	13
12	6	7	31	32	2	5
9	10	24	21	4	22	10
6	10	21	17	13	18	2
17	25	29	22	10	8	14
7	29	21	17	19	20	11
29	25	18	16	10	26	3
29	11	25	17	16	28	7
26	4	11	17	20	3	5
2	13	26	30	18	17	1
8	30	27	32	26	2	16
2	20	7	30	13	27	14
4	9	8	20	1	19	1
2	15	8	31	11	5	13
21	24	19	6	20	3	11
26	17	1	31	9	7	5
13	32	22	24	20	9	5
10	2	1	3	5	22	12
5	32	1	9	10	18	11
28	4	10	32	18	14	15
33	10	8	29	24	7	4
25	21	13	32	23	1	6
30	14	19	1	8	17	3
30	14	10	3	20	19	6
26	5	9	27	17	11	10
22	1	31	2	28	9	4
11	24	32	23	5	10	4
5	6	28	8	2	30	6
15	31	25	12	14	5	9
30	32	4	28	8	7	5
22	23	1	5	18	3	13
7	26	11	3	20	17	12
21	29	14	12	30	32	13
31	33	7	30	1	27	8
28	13	4	1	23	30	3
19	7	14	13	8	6	15
16	10	9	24	1	22	11
1	33	32	22	10	7	13
25	12	17	28	20	4	9
12	20	23	32	18	4	6
17	9	16	13	18	11	7
29	23	19	10	25	22	9
6	3	5	26	33	17	8
12	10	31	22	30	18	11
7	2	3	25	1	10	7
26	19	21	33	27	18	16
10	21	24	3	33	22	12
5	2	4	24	28	3	13
18	30	16	5	26	12	13
19	1	4	12	11	27	14
7	17	10	2	6	33	3
28	1	18	14	3	26	1
18	30	31	7	17	19	14
1	2	29	26	30	14	7
24	28	20	9	30	25	10
23	31	22	12	26	15	4
26	23	30	12	29	7	11
24	16	12	4	22	25	6
13	18	29	20	1	16	2
17	22	31	33	16	19	11
32	12	2	22	19	27	1
21	23	14	12	2	30	13
27	3	19	6	8	11	11
11	9	33	12	14	15	11
17	2	1	18	4	19	8
16	28	19	7	11	26	11
27	9	25	32	19	33	11
13	12	31	11	27	5	10
32	20	7	3	8	24	14
30	6	15	16	17	33	11
4	30	6	15	8	12	1
8	9	33	5	14	21	11
12	6	1	20	19	32	14
28	20	32	21	5	3	2
6	28	4	17	2	21	11
6	5	3	30	18	2	4
11	32	33	16	9	28	2
25	31	18	24	30	19	16
17	8	28	29	21	26	7
28	13	16	6	31	21	16
9	2	33	21	31	5	12
20	29	19	21	28	15	13
1	30	12	13	31	23	11
13	4	17	24	27	15	1
24	23	26	2	17	8	13
24	25	13	3	6	7	15
31	28	30	20	12	10	9
3	32	17	26	33	28	16
11	10	7	8	17	26	11
3	15	17	7	32	14	3
16	33	32	9	5	2	15
20	2	8	19	10	32	13
20	5	10	15	3	7	7
17	18	24	3	2	25	11
23	14	4	5	12	6	16
5	27	24	23	3	32	3
8	7	24	5	25	27	16
14	32	26	9	18	17	7
27	24	21	7	25	28	15
10	4	5	8	11	3	8
8	25	16	23	13	14	14
27	30	20	1	7	14	10
25	27	4	29	30	11	13
32	22	17	28	11	20	1
27	23	6	13	2	14	7
15	32	7	2	26	29	10
13	32	16	20	6	28	7
17	27	11	28	14	1	15
31	26	13	8	29	15	16
27	1	14	5	13	11	12
15	2	30	17	22	7	14
20	31	22	10	26	1	2
14	2	32	11	7	12	8
15	18	30	26	25	14	1
26	25	27	32	10	7	4
12	33	13	8	16	4	9
16	20	5	19	25	28	13
25	31	18	8	5	23	6
30	33	11	17	28	31	6
25	26	4	11	32	19	13
3	21	7	31	8	5	2
23	13	8	32	17	21	12
17	2	12	16	27	30	12
12	11	30	4	5	32	15
1	17	24	8	2	13	13
30	18	9	22	5	20	9
9	8	17	23	14	5	8
23	19	9	26	1	21	7
1	10	27	26	21	3	6
4	30	17	15	31	6	16
13	4	7	25	6	10	3
23	7	28	10	1	32	16
9	4	26	21	19	20	12
26	28	11	13	10	12	11